image_00000 228 265 246 300
image_00001 230 268 244 297
image_00002 228 263 244 298
image_00003 230 267 245 297
image_00004 231 266 246 298
image_00005 229 261 249 298
image_00006 231 262 248 301
image_00007 230 264 250 300
image_00008 229 260 249 299
image_00009 223 255 249 299
image_00010 227 259 252 302
image_00011 226 257 251 302
image_00012 226 254 251 301
image_00013 225 256 251 301
image_00014 224 256 251 301
image_00015 223 246 258 303
image_00016 224 242 260 302
image_00017 225 243 259 301
image_00018 224 247 263 304
image_00019 222 243 263 302
image_00020 225 247 261 303
image_00021 223 241 261 302
image_00022 227 246 265 304
image_00023 222 245 264 306
image_00024 220 243 264 305
image_00025 220 243 265 305
image_00026 220 243 265 304
image_00027 219 243 267 305
image_00028 219 247 267 304
image_00029 220 240 268 306
image_00030 219 242 266 302
image_00031 228 244 266 306
image_00032 233 239 266 309
image_00033 233 243 267 308
image_00034 239 238 268 311
image_00035 238 232 269 308
image_00036 242 240 275 310
image_00037 242 244 274 307
image_00038 242 241 275 309
image_00039 239 245 271 308
image_00040 242 246 271 306
image_00041 238 243 271 312
image_00042 241 245 272 310
image_00043 238 241 271 307
image_00044 243 233 273 308
image_00045 244 235 272 280
image_00046 246 233 271 276
image_00047 248 235 272 277
image_00048 249 234 272 274
image_00049 250 232 271 274
image_00050 251 236 269 269
image_00051 254 232 272 267
image_00052 255 238 271 265
image_00053 256 238 269 266
image_00054 256 233 269 264
image_00055 257 241 270 262
image_00056 257 239 267 265
image_00057 259 240 268 262
image_00058 257 242 269 261
image_00059 257 239 266 261
image_00060 255 240 266 261
image_00061 255 238 274 264
image_00062 255 234 274 262
image_00063 256 238 271 261
